Sample	AMY1C	CCDC60	FCER2	FERMT1	HOXA3	HOXC6	MROH2A	ONECUT2	STOML3	riskScore
0	12.39863222	8.56329283	5.408945465	8.312557644	5.933169257	6.771096252	5.066335202	4.172300349	5.527021866	-13.386
0	9.436715975	8.481425753	5.217743482	7.989036355	5.937251149	6.577641155	5.177225585	4.156430507	5.338054499	-11.924
0	11.68755258	8.79696469	5.874947826	7.720404365	5.646182528	6.405219881	4.724547484	3.982813831	8.361703742	-17.373
0	9.806953375	10.52137929	5.304185411	7.119608756	5.835972583	6.161316989	4.3173019	4.252800168	9.549468301	-18.225
0	10.66517213	8.62219956	5.395287357	8.283669117	6.612672657	6.688819104	5.01354918	4.137607685	6.376287968	-13.719
0	10.52805858	9.174728808	5.646327616	7.968043185	6.406954962	6.357768122	5.588941791	4.117772978	8.724683918	-18.001
0	8.722259655	9.076699434	7.103983503	6.871411653	6.238123856	6.563083485	4.679315952	4.07391234	7.548876477	-15.231
0	12.05853431	8.665201451	5.764277956	7.497035649	5.886932135	6.240318198	4.680390022	4.041791952	7.452174512	-16.337
0	9.385930198	9.147722916	4.994149599	7.734307086	7.004655789	6.882358369	4.973750539	4.091495444	7.545835731	-15.194
0	13.926916	4.6194925	8.583385	9.895044	7.087189	4.286739	8.220718	5.2664566	8.102609	-20.023
0	14.579258	6.1836643	9.12071	10.771566	7.19635	3.6030495	6.6603765	4.1236253	9.786835	-20.594
0	13.069661	4.776075	8.911234	12.845824	7.2403817	3.6712255	7.853838	7.4221225	9.055291	-18.297
0	12.194016	3.1646254	7.952905	10.761396	7.3581953	3.551636	8.009976	4.3791065	4.693365	-13.115
0	15.16963	4.1778092	9.330736	10.360664	7.0947046	3.6030495	8.011735	4.7934537	7.3386493	-18.948
0	14.582614	5.3217916	6.2746186	10.003501	11.670418	3.5014434	4.205129	4.637608	8.457305	-16.696
0	15.792789	4.8631105	7.547166	11.01746	7.5476007	4.3154397	8.058951	4.1483216	8.60151	-20.694
0	13.601116	5.554691	7.278683	12.514573	8.259553	3.629529	5.789985	4.1212482	8.405845	-15.749
0	15.518346	4.3198237	8.1336355	10.641339	6.7711496	3.8141959	8.916668	4.6532903	8.117494	-21.001
0	15.121873	4.7323823	9.147084	11.403131	7.005251	3.9005609	8.132292	5.039324	7.5537014	-18.546
0	14.999471	6.031102	8.123296	10.696079	6.8096323	3.385385	8.186647	5.085926	8.672298	-20.769
0	14.798439	6.5193257	9.610967	11.192353	7.2919073	3.602587	8.321272	4.4327335	10.18792	-22.679
0	8.322829498	6.824004051	5.804776378	7.338959175	5.409390936	5.22881869	4.944858446	5.64096791	9.659639187	-18.084
0	9.714417257	5.419538892	6.355791547	6.98982022	5.381975479	6.992088609	4.925999419	5.587964989	7.361066489	-15.627
0	7.461070114	6.756222713	5.596935142	8.444600814	7.520422249	8.032321287	5.902073579	6.037821465	5.240314329	-11.128
1	7.190885574	8.482288068	5.22959459	9.999573447	7.034967501	9.742207366	4.532609786	5.995269785	6.415252168	-10.116
1	5.098294167	8.256377226	4.675264967	9.031956108	8.15130878	8.620242633	4.788926999	4.953696536	5.325340214	-8.417
1	6.904863899	7.940074355	4.875236412	10.04103862	10.07028326	9.69407169	4.371778398	5.630535724	5.393711885	-8.240
1	7.456835115	8.470406073	5.180911906	9.089981695	8.833976822	7.214867056	5.265353227	4.537572574	5.686623471	-10.632
1	9.695008812	8.369093375	5.943855522	8.786568564	6.613036524	7.349929502	4.528557821	4.464735219	5.864801099	-11.553
1	6.122909374	8.290855478	4.794042546	9.510059661	9.236117519	10.10225619	4.615927991	5.415745286	6.165387958	-9.655
1	6.368904206	8.417704002	5.333301851	10.52523672	8.355271484	9.844638197	4.779999046	5.272785437	5.489902624	-8.140
1	7.649041746	8.089793862	5.435937337	9.389761152	6.058281562	8.864315829	4.617550052	5.132629263	5.373858751	-9.364
1	7.732720712	8.387641269	5.033344927	10.67397749	9.264507496	8.994167856	4.675773563	4.050618623	5.707057311	-8.953
1	7.495651366	8.36531988	5.144945064	9.436642459	6.414460742	11.1803175	5.082714908	4.456598335	5.499782352	-9.912
1	5.452965676	8.562600779	4.779823588	9.618643471	9.056952716	7.85380944	4.901837834	4.417841973	5.467125616	-8.467
1	5.788043787	8.204618175	4.867897474	11.03366897	10.27912997	9.210449475	4.493050267	3.948964632	5.253614427	-6.787
1	9.424092106	8.747577302	5.438169002	9.206898744	7.588004675	7.106611662	4.960114357	4.215555554	5.226536389	-10.567
1	8.171294188	8.018762044	5.223912931	10.41295054	8.601017157	9.970974344	4.292445763	4.459553043	5.424821273	-8.573
1	7.352077002	8.226409465	4.587613556	10.31325765	5.790719791	8.446730278	4.582822748	4.772273112	5.296183113	-8.329
1	5.252665449	7.979799855	4.941795652	9.874739744	9.195295498	8.527181827	4.529052302	4.526695078	5.533474725	-7.878
1	7.00455898	8.379781241	5.043788934	9.860413416	7.786276035	8.734786722	4.659892697	4.044848612	5.31610991	-8.613
1	9.019041192	8.007216724	4.645181302	10.61505837	9.138786275	10.46549121	5.040029033	4.610595236	5.141296578	-9.199
1	9.904020022	8.092171325	4.897566094	9.112605618	5.533682731	7.639398395	4.403866161	4.667588315	5.209474098	-10.297
1	7.691752898	8.021620406	4.895125139	9.241045264	8.646374447	10.91151552	4.324249014	4.379630075	5.225769014	-8.982
1	5.734780716	8.179717264	4.919750776	9.863754521	7.790550202	9.50963012	4.334270763	4.133330567	5.402981675	-7.743
1	7.737545818	8.549095129	4.830423029	9.999516702	8.751725019	9.870521678	5.192956528	4.146712294	5.484334505	-9.685
1	12.767225	2.7858918	6.7114387	13.726662	9.797595	5.1506696	3.4484527	6.786623	4.862428	-6.654
1	11.965546	2.8320112	5.731071	14.426784	11.789934	3.913913	4.4394174	7.44054	7.767042	-11.046
1	10.104052	3.652253	5.457908	14.641172	7.46954	6.592947	3.6625328	5.990009	7.4188423	-8.587
1	11.806294	3.6518936	5.9956226	13.973646	11.1378355	3.7888017	2.6735694	9.250855	4.450325	-4.547
1	12.4437895	2.6660907	4.5787115	14.008899	11.166071	4.752819	4.241283	6.08932	5.399383	-7.879
1	10.6484165	6.701458	5.2990966	14.118994	9.9717455	3.2890117	3.0952606	6.3154497	2.6037874	-1.495
1	11.310877	2.746255	4.6478877	14.770367	10.503145	5.6293364	5.501399	10.052041	5.5854573	-8.256
1	12.156109	2.7923942	6.8893223	11.890655	9.466163	4.186569	2.716646	7.9526844	5.701362	-8.289
1	11.085588	2.9053454	5.166391	14.569044	9.441991	3.1508133	2.9024312	8.357378	5.0899634	-4.892
1	11.834449	2.7931552	5.171715	13.290508	10.870022	6.463532	2.752811	9.542981	4.966639	-5.954
1	11.643105	3.024805	6.1711736	13.791014	9.404778	3.2511985	4.2025356	7.377332	7.0908947	-10.124
1	11.6695795	2.82705	5.888938	9.206706	6.6438456	2.9429917	2.7931552	6.3512444	4.7323823	-8.780
1	10.894867	2.7369814	5.1405153	13.3508415	9.54399	5.6828628	2.688404	9.393403	5.855566	-6.680
1	11.80077	2.6719859	5.815941	12.200748	8.238156	4.2752805	5.5062294	9.299854	5.119856	-9.847
1	8.379378367	5.773468928	4.566815154	9.085605237	8.978710459	9.503627006	2.232660757	5.14974712	5.449561375	-7.656
1	5.914086097	5.193771743	4.672425342	8.640244936	7.8008999	8.049848549	4.548436625	5.091699834	4.465974465	-7.619
1	6.943686952	4.977279923	4.169925001	7.238404739	9.00870873	8.608809243	4.03562391	4.523561956	6.081083929	-11.155
1	7.005624549	5.791814071	5.87036472	8.354028938	6.279842694	6.997744026	5.504620392	5.517275693	5.368069877	-10.746
1	6.992088609	5.078951341	4.465974465	8.666756592	7.584210901	9.198199455	2.10433666	5.318316841	5.332707934	-6.955
1	6.548436625	6.727920455	5.887525271	9.746514321	9.374604819	9.586464526	5.03562391	6.040015679	5.5360529	-9.179
1	5.804776378	6.253611152	3.857980995	8.696272084	9.565292521	9.082149041	2.070389328	4.683696454	6.061776198	-7.367